00000000000000000000000000000000
00000000000000000000000000000000
00000000000000000000000000000000
00000000000000000000000000011000
00000000000000000000000000101000
00000000000000000000000000110001
00000000000000000000000001101110
00000000000000000000000001110111
00000000000000000000000010110100
00000000000000000000000011100010
00000000000000000000000011110010
00000000000000000000000100100000
00000000000000000000000101000001
00000000000000000000000101011011
00000000000000000000000101101100
00000000000000000000000110011000
00000000000000000000000110101010
00000000000000000000000110110101
00000000000000000000000111101101
00000000000000000000001000010111
00000000000000000000001000101010
00000000000000000000001001010011
00000000000000000000001001110000
00000000000000000000001010000011
00000000000000000000001010001110
00000000000000000000001011000110
00000000000000000000001011010001
00000000000000000000001011010110
00000000000000000000001011010111
00000000000000000000001011010111
00000000000000000000001101000101
00000000000000000000001101000101
00000000000000000000001110110011
00000000000000000000010000001101
00000000000000000000010000001111
00000000000000000000010001101000
00000000000000000000010001101010
00000000000000000000010011000001
00000000000000000000010100000110
00000000000000000000010100001100
00000000000000000000010101001111
00000000000000000000010110000010
00000000000000000000010110010000
00000000000000000000010110011000
00000000000000000000010111010111
00000000000000000000011000000110
00000000000000000000011000101000
00000000000000000000011001000010
00000000000000000000011001010011
00000000000000000000011001111110
00000000000000000000011010010001
00000000000000000000011010011101
00000000000000000000011010100011
00000000000000000000011010100110
00000000000000000000011010100110
00000000000000000000011100001000
00000000000000000000011100001001
00000000000000000000011100001001
00000000000000000000011100001001
00000000000000000000011110001010
00000000000000000000011110001010
00000000000000000000100000000101
00000000000000000000100001101000
00000000000000000000100010110110
00000000000000000000100010111010
00000000000000000000100100000010
00000000000000000000100100001000
00000000000000000000100101001010
00000000000000000000100101010010
00000000000000000000100110001110
00000000000000000000100110111001
00000000000000000000100111001100
00000000000000000000100111110011
00000000000000000000101000001010
00000000000000000000101000101100
00000000000000000000101001000010
00000000000000000000101001001110
00000000000000000000101001010100
00000000000000000000101001010101
00000000000000000000101010110011
00000000000000000000101100000010
00000000000000000000101100000101
00000000000000000000101100000101
00000000000000000000101100000101
00000000000000000000101110000110
00000000000000000000101110000110
00000000000000000000101110001000
00000000000000000000101110001111
00000000000000000000110001001000
00000000000000000000110011101001
00000000000000000000110101110011
00000000000000000000110111101000
00000000000000000000110111101000
00000000000000000000111001011101
00000000000000000000111001011101
00000000000000000000111011010010
00000000000000000000111011010010
00000000000000000000111101000101
00000000000000000000111110100100
00000000000000000000111110100101
00000000000000000000111110100101
00000000000000000001000000010100
00000000000000000001000000010100
00000000000000000001000000010100
00000000000000000001000000010101
00000000000000000001000000011001
00000000000000000001000000100010
00000000000000000001000011100000
00000000000000000001000110000001
00000000000000000001001000000111
00000000000000000001001001110100
00000000000000000001001001110100
00000000000000000001001011011010
00000000000000000001001011011010
00000000000000000001001011011010
00000000000000000001001011011010
00000000000000000001001101011000
00000000000000000001001110111101
00000000000000000001001110111110
00000000000000000001001110111110
00000000000000000001010000101001
00000000000000000001010000101001
00000000000000000001010000101001
00000000000000000001010010011001
00000000000000000001010010011001
00000000000000000001010011111111
00000000000000000001010101001101
00000000000000000001010110000111
00000000000000000001010110101111
00000000000000000001010111001001
00000000000000000001010111101100
00000000000000000001011000000001
00000000000000000001011000001100
00000000000000000001011001000111
00000000000000000001011001111000
00000000000000000001011010000101
00000000000000000001011010111100
00000000000000000001011011101001
00000000000000000001011100001100
00000000000000000001011100100001
00000000000000000001011101001010
00000000000000000001011101011100
00000000000000000001011101100101
00000000000000000001011101101000
00000000000000000001011101101000
00000000000000000001011111010010
00000000000000000001011111010010
00000000000000000001100001000011
00000000000000000001100001000011
00000000000000000001100010111010
00000000000000000001100100011111
00000000000000000001100100011111
00000000000000000001100110001001
00000000000000000001100111100010
00000000000000000001100111100011
00000000000000000001101000111111
00000000000000000001101010001011
00000000000000000001101011001000
00000000000000000001101011111000
00000000000000000001101100000111
00000000000000000001101100001111
00000000000000000001101101010000
00000000000000000001101101010111
00000000000000000001101101011010
00000000000000000001101110101101
00000000000000000001101110101111
00000000000000000001110000000011
00000000000000000001110001000111
00000000000000000001110001001101
00000000000000000001110001001111
00000000000000000001110001001111
00000000000000000001110010110110
00000000000000000001110010110110
00000000000000000001110010110110
00000000000000000001110100110000
00000000000000000001110110010101
00000000000000000001110110010101
00000000000000000001110110010101
00000000000000000001110110010101
00000000000000000001111000011110
00000000000000000001111000011110
00000000000000000001111010100011
00000000000000000001111010100011
00000000000000000001111010100100
00000000000000000001111010101000
00000000000000000001111010110001
00000000000000000001111010111111
00000000000000000001111110010011
00000000000000000001111110011111
00000000000000000010000001101000
00000000000000000010000100010001
00000000000000000010000110011100
00000000000000000010000110011100
00000000000000000010001000011100
00000000000000000010001010000010
00000000000000000010001011010001
00000000000000000010001011010110
00000000000000000010001100011100
00000000000000000010001101001111
00000000000000000010001101011110
