00000000000000000000000000000000
00000000000000000000000000000000
00000000000000000000000000000000
00000000000000000001001111011011
00000000000000000010001111011011
00000000000000000011000000000011
00000000000000000001000010100010
00000000000000000001110011100010
11111111111111111111110110100001
11111111111111111110001001010010
11111111111111111111001010101101
11111111111111111101011110001111
11111111111111111100000001101000
11111111111111111101010011101111
11111111111111111110010110110110
11111111111111111100101100001001
11111111111111111101110000001111
11111111111111111110100101011011
11111111111111111100101100111010
11111111111111111011000100011110
11111111111111111100001011000000
11111111111111111010100011111011
11111111111111111001001101000000
11111111111111111000000110001101
11111111111111110111001111011111
11111111111111111001000111101000
11111111111111111000010001111110
11111111111111110111101100001100
11111111111111110111010110001100
11111111111111110111001111110101
11111111111111111001110111110100
11111111111111111001110001011010
11111111111111111100011001000100
11111111111111111110110000111011
11111111111111111110011010000001
00000000000000000000110000110101
00000000000000000000011000101010
00000000000000000010101110000000
00000000000000000100110011000001
00000000000000000100001000110010
00000000000000000110001011110100
00000000000000000111111110010101
00000000000000000111000001011100
00000000000000000110010010110101
00000000000000001000010001010011
00000000000000001001111111000011
00000000000000001011011100000101
00000000000000001010001001100010
00000000000000001001000101001001
00000000000000001010101101101111
00000000000000001001100110101110
00000000000000001000101101110100
00000000000000001000000010111110
00000000000000000111100110000111
00000000000000000111010111001000
00000000000000001001110100110001
00000000000000001001100010010110
00000000000000001001011101011110
00000000000000001001100110000001
00000000000000001100011010101100
00000000000000001100011110110000
00000000000000001111001110101010
00000000000000010001101100100010
00000000000000010011111000010100
00000000000000010011010011000101
00000000000000010101011001010111
00000000000000010100101110100001
00000000000000010110101111000101
00000000000000010101111110011011
00000000000000010111111001000110
00000000000000011001100001010101
00000000000000011000011000010010
00000000000000011001111010100100
00000000000000011000101011100101
00000000000000011010000111111100
00000000000000011011010001111100
00000000000000011100001001101001
00000000000000011100101111001001
00000000000000011101000010100100
00000000000000011010100101001101
00000000000000011000010100111100
00000000000000011000110000110000
00000000000000011000111011000010
00000000000000011000110011111101
00000000000000010101111100110111
00000000000000010101110010100010
00000000000000010101010111011011
00000000000000010100101011110000
00000000000000010001010000111011
00000000000000001110000100111010
00000000000000001011000111111010
00000000000000001000011010000110
00000000000000001000011010011110
00000000000000000101101100100110
00000000000000000101101101001101
00000000000000000010111111110111
00000000000000000011000001010100
00000000000000000000010101000111
11111111111111111101111001001000
11111111111111111110001100010101
11111111111111111110010001000110
11111111111111111011101000101101
11111111111111111011101111111000
11111111111111111011101001000001
11111111111111111011010100010010
11111111111111111010110001110111
11111111111111111010000001111110
11111111111111110110100101111101
11111111111111110011011011110001
11111111111111110000100011100101
11111111111111101101111101100001
11111111111111101110001000100011
11111111111111101011101000001100
11111111111111101011111001001000
11111111111111101011111101101101
11111111111111101011110110000100
11111111111111101001000011011111
11111111111111100110100011110101
11111111111111100110110110000010
11111111111111100110111100011101
11111111111111100100011000010101
11111111111111100100100110010111
11111111111111100100101000111001
11111111111111100010000001001100
11111111111111100010001011111101
11111111111111011111101100101011
11111111111111011101100001001010
11111111111111011011101001011100
11111111111111011010000101100010
11111111111111011000110101011010
11111111111111011010010111110110
11111111111111011001010000001100
11111111111111011000011100000111
11111111111111011010011010010110
11111111111111011100001101000011
11111111111111011011010101010010
11111111111111011101001111100011
11111111111111011110111110000000
11111111111111100000100000100101
11111111111111011111011000011000
11111111111111100001000001111011
11111111111111100000000000100100
11111111111111011111010001111100
11111111111111011110110101111100
11111111111111011110101100011010
11111111111111100001010100000010
11111111111111100001010000000011
11111111111111100011111100110111
11111111111111100011111101101110
11111111111111100110101111000010
11111111111111101001010010111000
11111111111111101001001010010000
11111111111111101011110001100101
11111111111111101110001010111111
11111111111111101101110111011111
11111111111111110000010011100010
11111111111111110010100001010001
11111111111111110100100000100101
11111111111111110110010001011010
11111111111111110101010100110101
11111111111111110100101000100010
11111111111111110110101011010010
11111111111111110110000000011010
11111111111111110101100101100011
11111111111111110111111001011100
11111111111111110111011111011000
11111111111111111001110011110110
11111111111111111011111001000001
11111111111111111011001111111100
11111111111111111010110110010001
11111111111111111010101011111001
11111111111111111101001111100001
11111111111111111101000100011011
11111111111111111101001000001110
11111111111111111111111001100110
00000000000000000010011010101011
00000000000000000010001100011110
00000000000000000010001100100111
00000000000000000010011010111100
00000000000000000101010110001001
00000000000000000101100001011101
00000000000000001000011001010100
00000000000000001000100000111111
00000000000000001000110110000011
00000000000000001001011000010101
00000000000000001010000111101000
00000000000000001011000011101110
00000000000000001110101011001110
00000000000000001111100001010100
00000000000000010011000010011001
00000000000000010110010000100000
00000000000000011001001011011111
00000000000000011001010100010110
00000000000000011100000111100011
00000000000000011110100111010000
00000000000000100000110011010111
00000000000000100000001100111111
00000000000000100010010000101011
00000000000000100100000000101010
00000000000000100010111110000110
